map: 0.09574432609057104
bpref: 0.4268881031392598
P_5: 0.09922480620154833
P_10: 0.0685123661867855
P_15: 0.054042081949057394
P_20: 0.0451827242524925
P_30: 0.03504368155530842
P_100: 0.015681063122923878
P_200: 0.009520118124769527
P_500: 0.004770764119601324
P_1000: 0.002773348098929497
ndcg: 0.2312486787414953
